ParName   Value   Gradient
theta[1]     0.290661  0.000805829
theta[2]     0.273051 -0.000403875
theta[5]      6.60517   -0.0060087
theta[13]      9.60189  3.57339e-06
theta[14]      9.61527 -1.24359e-05
theta[15]      9.66608  6.45641e-06
theta[16]      9.89317  2.16523e-07
theta[17]      10.5897 -3.66226e-06
theta[18]      11.2648 -1.89171e-05
theta[19]      11.6988 -3.11544e-05
theta[20]      11.8786 -1.16983e-05
theta[21]      11.9186 -1.90277e-05
theta[22]      11.9448  -4.0779e-06
theta[23]      11.9378 -8.37922e-06
theta[24]      11.7248 -2.89548e-05
theta[25]      11.4973 -7.14551e-05
theta[26]      11.3251 -0.000151204
theta[27]      11.3667 -0.000254575
theta[28]       11.179 -0.000183596
theta[29]      10.4608 -0.000162985
theta[30]      9.56019 -0.000109507
theta[31]      8.53489 -8.40974e-06
theta[32]      7.54158   6.7984e-06
theta[33]      6.74787 -7.48272e-06
theta[34]      6.31705 -6.27048e-06
theta[35]      14.0819  0.000192381
theta[36]      13.8189 -2.30246e-05
theta[37]      13.3667 -0.000113999
theta[38]      13.4038 -0.000234076
theta[39]      12.7276 -0.000183876
theta[40]      12.7604 -0.000230251
theta[41]      12.5402 -0.000241389
theta[42]      12.1746 -0.000187955
theta[43]      11.8481 -0.000196171
theta[44]      11.4091 -0.000187474
theta[45]      10.7368 -0.000127156
theta[46]      10.2882 -8.45559e-05
theta[47]      10.1039 -8.08119e-05
theta[48]       9.4629 -5.48172e-05
theta[49]      8.31278 -1.93247e-05
theta[50]      7.26928  4.13091e-06
theta[51]      6.47494  1.81641e-05
theta[52]      5.90044  1.00447e-05
theta[53]      5.48386  3.60704e-06
theta[54]      5.17742 -3.41175e-05
theta[55]      4.96549  -2.6467e-05
theta[56]      4.85701  3.70538e-07
theta[57]       12.143 -2.67625e-06
theta[58]      12.1516  2.44848e-06
theta[59]      12.1844  1.76353e-06
theta[60]      12.3635  6.17215e-06
theta[61]      13.3647  5.84899e-05
theta[62]      13.6277 -9.38058e-05
theta[63]      13.1731  4.72158e-05
theta[64]        12.31   0.00010374
theta[65]      11.2609  0.000137887
theta[66]      10.0956  0.000118461
theta[67]      9.29147  8.26388e-05
theta[68]      8.72557  8.49524e-05
theta[69]      8.38947  7.58739e-05
theta[70]      8.10455  5.57829e-05
theta[71]      7.82855   9.9767e-05
theta[72]      7.54496  2.94351e-05
theta[73]      7.29221  3.64055e-05
theta[74]      7.07061  6.14463e-05
theta[75]      6.88272  2.84598e-05
theta[76]      6.73263  4.77288e-05
theta[77]      6.62525  6.11377e-05
theta[78]      6.56647  6.20101e-05
theta[79]      7.10972 -3.93576e-05
theta[80]      7.09106 -3.85979e-05
theta[81]      7.08943  5.14206e-06
theta[82]      6.96158  2.36584e-05
theta[83]       7.1803  3.55034e-05
theta[84]      7.45398 -6.55476e-06
theta[85]      6.57382  1.79559e-05
theta[86]      5.50563  1.92213e-05
theta[87]      4.58398  1.04286e-05
theta[88]      3.89182 -3.54422e-06
theta[89]      3.40919  5.90285e-06
theta[90]      3.07066  5.49709e-06
theta[91]      2.79692 -6.98023e-06
theta[92]      2.57193 -2.43913e-05
theta[93]      2.38128  3.79384e-05
theta[94]      2.21768  2.11722e-06
theta[95]       2.0774 -4.83661e-06
theta[96]       1.9586 -1.24131e-05
theta[97]      1.86062 -1.37052e-05
theta[98]      1.78385  1.85548e-05
theta[99]      1.72985 -4.67295e-05
theta[100]       1.7016  3.00237e-06
Grwth[1]      2.30407 -0.000193745
Grwth[2]    -0.214332  0.000429502
Grwth[4]     0.237459    0.0002075
Grwth[5]    -0.280911 -0.000461243
log_slx_pars[1]      4.68487    0.0116186
log_slx_pars[2]      1.45439  -0.00332135
log_slx_pars[3]      4.23302  -0.00198341
log_slx_pars[4]      1.04515  0.000112079
log_slx_pars[5]       4.7976  0.000793411
log_slx_pars[6]      2.41196  -0.00037268
log_slx_pars[7]     -2.77424  8.03281e-07
log_slx_pars[8]     -2.35948    7.999e-06
log_slx_pars[9]     -1.99209  2.08944e-07
log_slx_pars[10]     -1.23797  9.17835e-07
log_slx_pars[11]     -1.33235  -1.6479e-05
log_slx_pars[12]     -1.20758 -2.17174e-07
log_slx_pars[13]     -0.99493 -2.21865e-05
log_slx_pars[14]     -1.01367 -1.32541e-05
log_slx_pars[15]     -1.16472  7.39363e-06
log_slx_pars[16]     -1.14785  7.66105e-07
log_slx_pars[17]     -1.06777 -1.98397e-05
log_slx_pars[18]     -1.02471  3.46907e-05
log_slx_pars[19]    -0.977127  1.73068e-05
log_slx_pars[20]    -0.841036  1.54637e-05
log_slx_pars[21]     -0.78184  3.01092e-05
log_slx_pars[22]    -0.683812  1.30276e-05
log_slx_pars[23]    -0.543556  2.24888e-05
log_slx_pars[24]    -0.428745   5.2192e-06
log_slx_pars[25]    -0.327675  1.23534e-05
log_slx_pars[26]    -0.215054  7.03693e-06
log_slx_pars[27]    -0.104251  1.19127e-05
log_slx_pars[28]   -0.0355878 -2.57557e-05
log_slx_pars[29]     -5.54584 -3.63831e-06
log_slx_pars[30]     -4.98841   5.5704e-06
log_slx_pars[31]     -3.87311  4.59077e-05
log_slx_pars[32]     -2.20873 -8.03322e-06
log_slx_pars[33]     -1.38064 -8.17465e-06
log_slx_pars[34]    -0.601637 -8.82804e-06
log_slx_pars[35]    -0.563426 -5.78458e-06
log_slx_pars[36]    -0.747662  2.38287e-05
log_slx_pars[37]    -0.806202  7.80337e-06
log_slx_pars[38]    -0.910225  1.43894e-05
log_slx_pars[39]    -0.906817  2.65642e-07
log_slx_pars[40]       -0.868  1.48998e-05
log_slx_pars[41]     -0.83406  1.88147e-05
log_slx_pars[42]    -0.784768  1.53834e-06
log_slx_pars[43]    -0.715069 -9.93462e-06
log_slx_pars[44]    -0.626492 -1.20974e-05
log_slx_pars[45]     -0.52662 -1.03276e-05
log_slx_pars[46]    -0.421785  1.70619e-06
log_slx_pars[47]    -0.312726  2.38877e-06
log_slx_pars[48]    -0.198544 -2.51418e-06
log_slx_pars[49]   -0.0830014  4.13743e-07
log_slx_pars[50]  -0.00807754  -1.1083e-05
log_slx_pars[51]      -4.0163 -1.34185e-05
log_slx_pars[52]     -3.04084  9.77934e-06
log_slx_pars[53]     -2.17767 -2.40057e-05
log_slx_pars[54]      -1.3654 -5.35304e-05
log_slx_pars[55]     -1.29172 -1.09705e-05
log_slx_pars[56]     -1.17622 -4.05692e-05
log_slx_pars[57]     -1.11591  1.38782e-05
log_slx_pars[58]     -1.12388  1.70715e-05
log_slx_pars[59]     -1.30439  3.63958e-05
log_slx_pars[60]     -1.35307  2.90316e-05
log_slx_pars[61]     -1.33249  1.75614e-05
log_slx_pars[62]     -1.33493 -5.00512e-06
log_slx_pars[63]     -1.26348  8.04337e-05
log_slx_pars[64]     -1.05197  1.41309e-05
log_slx_pars[65]    -0.831177  2.83677e-05
log_slx_pars[66]    -0.583107  3.84495e-05
log_slx_pars[67]       -0.392  8.06543e-05
log_slx_pars[68]    -0.255045  3.08142e-05
log_slx_pars[69]    -0.201581  2.15533e-05
log_slx_pars[70]     -0.15311 -4.70348e-06
log_slx_pars[71]    -0.116769   1.2427e-05
log_slx_pars[72]   -0.0896443   7.1088e-06
log_slx_pars[73]     -4.13479   7.5662e-06
log_slx_pars[74]     -3.44684 -3.70098e-05
log_slx_pars[75]     -2.90173 -2.83443e-06
log_slx_pars[76]     -1.26561   4.4691e-05
log_slx_pars[77]    -0.637773  5.80988e-05
log_slx_pars[78]     -0.27247  4.55428e-06
log_slx_pars[79]    -0.411455  1.90658e-05
log_slx_pars[80]     -1.00413 -2.45183e-05
log_slx_pars[81]     -1.07993  2.11269e-05
log_slx_pars[82]     -1.27192 -1.09891e-07
log_slx_pars[83]     -1.21185 -3.84355e-07
log_slx_pars[84]    -0.908544  5.50644e-06
log_slx_pars[85]    -0.826911  1.35897e-05
log_slx_pars[86]    -0.777156 -1.08373e-05
log_slx_pars[87]    -0.709809 -7.34779e-06
log_slx_pars[88]    -0.622952  4.62752e-06
log_slx_pars[89]    -0.524097  9.63298e-07
log_slx_pars[90]    -0.419884  7.03686e-06
log_slx_pars[91]    -0.311246 -8.24597e-06
log_slx_pars[92]    -0.197244 -6.76514e-06
log_slx_pars[93]   -0.0815196 -1.71476e-05
log_slx_pars[94]  -0.00546684 -1.84233e-05
log_slx_pars[95]      4.58086   -0.0135976
log_slx_pars[96]     0.554819 -0.000290044
log_fbar[1]     0.080515  -0.00133356
log_fbar[2]     -5.15925  -0.00109331
log_fdev[1](1)     -0.65528 -5.28752e-05
log_fdev[1](2)    -0.790099  2.34095e-05
log_fdev[1](3)    -0.133545 -2.44406e-05
log_fdev[1](4)     0.232048 -0.000136488
log_fdev[1](5)     0.307774  -0.00024933
log_fdev[1](6)     0.497506 -0.000151606
log_fdev[1](7)     0.333148  0.000127888
log_fdev[1](8)     0.126208  5.52593e-05
log_fdev[1](9)       0.8691 -0.000137266
log_fdev[1](10)       1.0007 -0.000183454
log_fdev[1](11)      1.17174 -4.79632e-05
log_fdev[1](12)     0.599826 -1.42944e-05
log_fdev[1](13)     0.233908  0.000128074
log_fdev[1](14)     0.279849 -0.000172191
log_fdev[1](15)    0.0613954  -0.00012566
log_fdev[1](16)     0.301209 -0.000203183
log_fdev[1](17)     0.277193  0.000280459
log_fdev[1](18)     -1.39397  2.65021e-05
log_fdev[1](19)     -1.26785 -9.06795e-05
log_fdev[1](20)    -0.370966 -7.88901e-05
log_fdev[1](21)    -0.450108   -0.0003327
log_fdev[1](22)     -1.02407 -9.95784e-05
log_fdev[1](23)     -1.04368  0.000350732
log_fdev[1](24)    -0.286394  0.000365339
log_fdev[1](25)    -0.105386  0.000149866
log_fdev[1](26)      0.14797  1.92531e-06
log_fdev[1](27)    -0.294476 -0.000206821
log_fdev[1](28)    -0.920965  0.000104369
log_fdev[1](29)     -0.99097 -3.16229e-05
log_fdev[1](30)    -0.258196 -0.000148007
log_fdev[1](31)     0.241332 -0.000520707
log_fdev[1](32)     0.376622 -0.000218465
log_fdev[1](33)     0.526894 -0.000250536
log_fdev[1](34)     0.473688 -0.000101896
log_fdev[1](35)   -0.0393494 -0.000383668
log_fdev[1](36)   -0.0489657 -0.000459437
log_fdev[1](37)      1.13104  8.19464e-05
log_fdev[1](38)     0.144004 -0.000189864
log_fdev[1](39)      1.27871  0.000320758
log_fdev[1](40)    -0.537607  0.000658862
log_fdev[2](1)      0.77135 -3.44048e-05
log_fdev[2](2)     0.912466 -6.47104e-05
log_fdev[2](3)     0.799868 -5.43992e-05
log_fdev[2](4)     0.625028 -3.04016e-05
log_fdev[2](5)     -8.57738 -1.09145e-05
log_fdev[2](6)     -4.51825 -3.05022e-05
log_fdev[2](7)     -5.14303 -1.05321e-05
log_fdev[2](8)     -1.46282 -3.40779e-05
log_fdev[2](9)     0.520939 -3.56694e-05
log_fdev[2](10)       1.4517    -2.17e-05
log_fdev[2](11)      2.12876  2.11062e-05
log_fdev[2](12)      1.88263  9.17703e-06
log_fdev[2](13)      2.49826 -1.66256e-06
log_fdev[2](14)      1.45012 -1.75123e-05
log_fdev[2](15)     0.556638 -4.23717e-05
log_fdev[2](16)     0.651827 -1.35399e-05
log_fdev[2](17)     0.415112 -6.12664e-05
log_fdev[2](18)     0.459887 -3.64034e-05
log_fdev[2](19)      0.57531  -6.6808e-05
log_fdev[2](20)     0.642323  -4.7728e-05
log_fdev[2](21)      0.17421 -6.01404e-05
log_fdev[2](22)      1.04337 -3.21295e-06
log_fdev[2](23)      1.33676  3.38187e-07
log_fdev[2](24)     0.327249 -1.65975e-05
log_fdev[2](25)      1.09913 -2.72642e-05
log_fdev[2](26)     0.062441 -8.31543e-05
log_fdev[2](27)    -0.216396  -4.6852e-05
log_fdev[2](28)     0.460044 -0.000142125
log_fdev[2](29)    -0.738939 -8.76777e-05
log_fdev[2](30)    -0.588184 -7.99578e-05
log_fdev[2](31)     0.335681  -0.00012728
log_fdev[2](32)    -0.192697 -9.54784e-05
log_fdev[2](33)   0.00433524 -2.39447e-06
log_fdev[2](34)     0.262213 -0.000106233
log_fdev[2](35)    -0.402202 -6.94486e-05
log_fdev[2](36)    -0.804998 -4.72343e-05
log_fdev[2](37)      1.18719  -3.5863e-05
log_fdev[2](38)     0.499968 -1.66995e-05
log_fdev[2](39)     -0.13909   4.6654e-05
log_fdev[2](40)   -0.0878483  4.68377e-05
log_fdev[2](41)    -0.262979 -3.46218e-05
log_foff[1]     -7.43817  0.000971267
log_fdov[1](1)      1.21068  0.000111285
log_fdov[1](2)      1.24906  0.000119732
log_fdov[1](3)     0.856109  0.000156546
log_fdov[1](4)     0.741047  3.97251e-05
log_fdov[1](5)      1.56084  7.08133e-05
log_fdov[1](6)      1.14887  1.47209e-05
log_fdov[1](7)     0.474961  3.38879e-05
log_fdov[1](8)     0.414034  5.75071e-05
log_fdov[1](9)    -0.400801 -8.50195e-05
log_fdov[1](10)    -0.266097 -7.66646e-06
log_fdov[1](11)     0.504444  1.80047e-05
log_fdov[1](12)     0.897762  2.69893e-05
log_fdov[1](13)      1.11053  0.000113969
log_fdov[1](14)     -0.17655 -6.46927e-05
log_fdov[1](15)      1.45414 -8.33616e-05
log_fdov[1](16)     -1.41484 -7.34974e-05
log_fdov[1](17)     -1.13663  -3.6512e-06
log_fdov[1](18)     -2.08395  7.03961e-05
log_fdov[1](19)     -1.92995  0.000100446
log_fdov[1](20)     -2.66373  7.77829e-05
log_fdov[1](21)    -0.240811 -3.17587e-05
log_fdov[1](22)     -1.53841 -0.000119956
log_fdov[1](23)     -1.38719  6.54975e-05
log_fdov[1](24)    -0.748746  0.000127224
log_fdov[1](25)     -2.43632 -1.62242e-05
log_fdov[1](26)    -0.374547 -8.91598e-05
log_fdov[1](27)    -0.145832 -7.19848e-05
log_fdov[1](28)     0.529296  2.22469e-05
log_fdov[1](29)     0.544193 -5.04989e-05
log_fdov[1](30)      2.96266 -3.96548e-05
log_fdov[1](31)     0.357817 -9.39246e-05
log_fdov[1](32)      1.12953 -3.54062e-05
log_fdov[1](33)      2.08288  -9.7586e-05
log_fdov[1](34)      1.36761 -6.07007e-05
log_fdov[1](35)     0.667518  -7.6472e-05
log_fdov[1](36)     0.596672 -3.33539e-05
log_fdov[1](37)    -0.759329  0.000127395
log_fdov[1](38)      1.13952  0.000244521
log_fdov[1](39)     -2.45467    0.0003558
log_fdov[1](40)     -2.84178  0.000436067
rec_dev_est(1982)      7.51777  1.14019e-05
rec_dev_est(1983)      7.89921  9.63053e-05
rec_dev_est(1984)      8.73776  1.08188e-05
rec_dev_est(1985)      8.99575  0.000114961
rec_dev_est(1986)      8.27557  3.17028e-05
rec_dev_est(1987)      7.60523  6.36868e-05
rec_dev_est(1988)      6.10823  2.60377e-05
rec_dev_est(1989)      6.98481 -6.56631e-05
rec_dev_est(1990)      8.25248 -3.04338e-05
rec_dev_est(1991)      8.37727 -0.000319429
rec_dev_est(1992)      7.47199  2.40998e-05
rec_dev_est(1993)      7.54915 -0.000102951
rec_dev_est(1994)      6.74001 -4.20588e-06
rec_dev_est(1995)      5.98049   1.8339e-05
rec_dev_est(1996)      6.08685 -1.93556e-05
rec_dev_est(1997)      7.02131  0.000312739
rec_dev_est(1998)      6.45876  7.15157e-05
rec_dev_est(1999)      6.61457  7.21194e-05
rec_dev_est(2000)      5.98143  7.84806e-06
rec_dev_est(2001)      7.41553 -0.000404413
rec_dev_est(2002)        7.267 -0.000331084
rec_dev_est(2003)       8.3968 -0.000784098
rec_dev_est(2004)      7.36312 -0.000728255
rec_dev_est(2005)      6.24495 -5.78847e-05
rec_dev_est(2006)      5.66906 -0.000155682
rec_dev_est(2007)      7.70169 -0.000473199
rec_dev_est(2008)      8.19118 -0.000361458
rec_dev_est(2009)      6.48306 -0.000135559
rec_dev_est(2010)      6.61895 -0.000296125
rec_dev_est(2011)      6.04228 -2.83111e-07
rec_dev_est(2012)      7.28174  -0.00031671
rec_dev_est(2013)      6.80254  3.36048e-05
rec_dev_est(2014)      8.73932  0.000433203
rec_dev_est(2015)      9.13789  0.000336914
rec_dev_est(2016)      9.20779 -9.72437e-06
rec_dev_est(2017)      5.86348  1.64671e-05
rec_dev_est(2018)      4.01062 -4.42549e-06
rec_dev_est(2019)       3.1642  5.66489e-05
rec_dev_est(2020)      5.67432 -4.58498e-05
rec_dev_est(2021)      5.34644 -1.25633e-05
rec_dev_est(2022)      6.96265  5.06823e-06
logit_rec_prop_est(1982)      2.77657  0.000880103
logit_rec_prop_est(1983)      2.11237 -0.000181572
logit_rec_prop_est(1984)     0.155106  0.000385734
logit_rec_prop_est(1985)    -0.500208  0.000847139
logit_rec_prop_est(1986)     -2.55626   0.00112856
logit_rec_prop_est(1987)     0.857662 -0.000372855
logit_rec_prop_est(1988)    -0.235523  0.000551551
logit_rec_prop_est(1989)      1.68557  0.000680774
logit_rec_prop_est(1990)      2.33766  0.000114431
logit_rec_prop_est(1991)      1.77926 -0.000537589
logit_rec_prop_est(1992)    -0.577861  0.000700189
logit_rec_prop_est(1993)     -2.33996  -0.00112436
logit_rec_prop_est(1994)     -2.53927  0.000224155
logit_rec_prop_est(1995)     -1.39306  0.000279583
logit_rec_prop_est(1996)      2.20498  0.000563485
logit_rec_prop_est(1997)      2.23968   0.00206969
logit_rec_prop_est(1998)     -2.54662   0.00102216
logit_rec_prop_est(1999)     -1.15623   0.00118729
logit_rec_prop_est(2000)     0.215025  0.000660316
logit_rec_prop_est(2001)      1.91108  3.66769e-05
logit_rec_prop_est(2002)     0.398059 -0.000757355
logit_rec_prop_est(2003)    -0.589161   -0.0039479
logit_rec_prop_est(2004)      1.51702 -0.000705631
logit_rec_prop_est(2005)    -0.796967  8.26932e-05
logit_rec_prop_est(2006)      1.47418  0.000413667
logit_rec_prop_est(2007)     0.504698  -0.00158049
logit_rec_prop_est(2008)     -1.08997  -0.00280806
logit_rec_prop_est(2009)    -0.826724  -0.00062967
logit_rec_prop_est(2010)    -0.245601 -0.000734743
logit_rec_prop_est(2011)     -0.16423  0.000382173
logit_rec_prop_est(2012)    0.0469588  -0.00151992
logit_rec_prop_est(2013)     0.957298  0.000414571
logit_rec_prop_est(2014)      1.00252  -0.00238378
logit_rec_prop_est(2015)    -0.157434  0.000517091
logit_rec_prop_est(2016)     -3.45931 -1.27586e-05
logit_rec_prop_est(2017)     -1.69747  0.000678319
logit_rec_prop_est(2018)      1.79923  0.000633757
logit_rec_prop_est(2019)     -1.33745  0.000368284
logit_rec_prop_est(2020)    -0.641986  0.000979449
logit_rec_prop_est(2021)    -0.714241  0.000635872
logit_rec_prop_est(2022)     -0.40938  0.000874587
m_dev_est[1]      1.73769  7.09053e-05
m_dev_est[2]     0.507052  0.000128821
m_dev_est[4]   4.3006e-08  -3.1745e-06
m_dev_est[5]      2.45431 -0.000414696
m_dev_est[7]     0.891183 -0.000138256
m_dev_est[8]      1.61191 -0.000538326
m_dev_est[10]      2.82892 -0.000109166
m_dev_est[11]     0.724262  1.50424e-05
m_mat_mult[1]    -0.164045   0.00212136
m_mat_mult[2]    0.0729078 -0.000520482
